betas=[0.01       0.01501239 0.02002477 0.02503716 0.03004955 0.03506193
 0.04007432 0.04508671 0.05009909 0.05511148 0.06012386 0.06513625
 0.07014864 0.07516102 0.08017341 0.0851858  0.09019818 0.09521057
 0.10022296 0.10523534 0.11024773 0.11526012 0.1202725  0.12528489
 0.13029728 0.13530966 0.14032205 0.14533444 0.15034682 0.15535921
 0.16037159 0.16538398 0.17039637 0.17540875 0.18042114 0.18543353
 0.19044591 0.1954583  0.20047069 0.20548307 0.21049546 0.21550785
 0.22052023 0.22553262 0.23054501 0.23555739 0.24056978 0.24558217
 0.25059455 0.25560694 0.26061932 0.26563171 0.2706441  0.27565648
 0.28066887 0.28568126 0.29069364 0.29570603 0.30071842 0.3057308
 0.31074319 0.31575558 0.32076796 0.32578035 0.33079274 0.33580512
 0.34081751 0.3458299  0.35084228 0.35585467 0.36086705 0.36587944]
alphas=[0.6908091583251953, 0.6903108854293823, 0.6897697401046753, 0.6891923913955688, 0.6885807447433471, 0.6879367055892943, 0.6872621793746948, 0.6865590715408324, 0.6858273820877073, 0.6850680637359616, 0.6842811164855956, 0.6834665403366088, 0.6826243352890012, 0.6817554540634155, 0.680859896659851, 0.679936710357666, 0.6789849424362182, 0.6780064983367919, 0.6769994726181029, 0.6759648180007932, 0.6749006290435791, 0.6738069057464601, 0.6726836481094361, 0.6715299034118652, 0.6703447189331053, 0.6691280946731566, 0.6678790779113769, 0.666596715927124, 0.6652800559997559, 0.6639281454086304, 0.6625400314331054, 0.6611147613525391, 0.659650429725647, 0.6581460838317873, 0.6565988655090332, 0.6550087747573853, 0.6533710479736329, 0.6516847324371337, 0.6499460172653196, 0.6481501388549804, 0.6462932863235474, 0.644369743347168, 0.6423737936019899, 0.6402978153228759, 0.6381322813034056, 0.6358686170578002, 0.6334944372177124, 0.630998309135437, 0.6283649892807007, 0.6255773286819457, 0.6226172256469725, 0.6194627676010133, 0.6160920419692993, 0.6124745616912842, 0.608581745147705, 0.6043773889541625, 0.5998195734024049, 0.5948606624603271, 0.5894453983306884, 0.5835061378479002, 0.5769647579193116, 0.5697212228775025, 0.5616535844802857, 0.5526075019836426, 0.5423762350082398, 0.5306815891265868, 0.5171234216690063, 0.5011005659103394, 0.48161647605895996, 0.45680381965637207, 0.42226483821868893, 0.35978637123107904]