# alpha	beta
0.367879441171	0.524794728527
0.368878109876	0.524794728527
0.369876778581	0.524794728527
0.370875447285	0.524794728527
0.37187411599	0.524794728527
0.372872784695	0.524794728527
0.373871453399	0.524794728527
0.374870122104	0.524794728527
0.375868790809	0.524794728527
0.376867459513	0.524794728527
0.377866128218	0.524794728527
0.378864796922	0.524794728527
0.379863465627	0.524794728527
0.380862134332	0.524794728527
0.381860803036	0.524794728527
0.382859471741	0.524794728527
0.383858140446	0.524794728527
0.38485680915	0.524794728527
0.385855477855	0.524794728527
0.38685414656	0.524794728527
0.387852815264	0.524794728527
0.388851483969	0.524794728527
0.389850152673	0.524794728527
0.390848821378	0.524794728527
0.391847490083	0.524794728527
0.392846158787	0.524794728527
0.393844827492	0.524794728527
0.394843496197	0.524794728527
0.395842164901	0.524794728527
0.396840833606	0.524794728527
0.397839502311	0.524794728527
0.398838171015	0.524794728527
0.39983683972	0.524794728527
0.400835508425	0.524794728527
0.401834177129	0.524794728527
0.402832845834	0.524794728527
0.403831514538	0.524794728527
0.404830183243	0.524794728527
0.405828851948	0.524794728527
0.406827520652	0.524794728527
0.407826189357	0.524794728527
0.408824858062	0.524794728527
0.409823526766	0.524794728527
0.410822195471	0.524794728527
0.411820864176	0.524794728527
0.41281953288	0.524794728527
0.413818201585	0.524794728527
0.414816870289	0.524794728527
0.415815538994	0.524794728527
0.416814207699	0.524794728527
0.417812876403	0.524794728527
0.418811545108	0.524794728527
0.419810213813	0.524794728527
0.420808882517	0.524794728527
0.421807551222	0.524794728527
0.422806219927	0.524794728527
0.423804888631	0.524794728527
0.424803557336	0.524794728527
0.42580222604	0.524794728527
0.426800894745	0.524794728527
0.42779956345	0.524794728527
0.428798232154	0.524794728527
0.429796900859	0.524794728527
0.430795569564	0.524794728527
0.431794238268	0.524794728527
0.432792906973	0.524794728527
0.433791575678	0.524794728527
0.434790244382	0.524794728527
0.435788913087	0.524794728527
0.436787581792	0.524794728527
0.437786250496	0.524794728527
0.438784919201	0.524794728527
0.439783587905	0.524794728527
0.44078225661	0.524794728527
0.441780925315	0.524794728527
0.442779594019	0.524794728527
0.443778262724	0.524794728527
0.444776931429	0.524794728527
0.445775600133	0.524794728527
0.446774268838	0.524794728527
0.447772937543	0.524794728527
0.448771606247	0.524794728527
0.449770274952	0.524794728527
0.450768943656	0.524794728527
0.451767612361	0.524794728527
0.452766281066	0.524794728527
0.45376494977	0.524794728527
0.454763618475	0.524794728527
0.45576228718	0.524794728527
0.456760955884	0.524794728527
0.457759624589	0.524794728527
0.458758293294	0.524794728527
0.459756961998	0.524794728527
0.460755630703	0.524794728527
0.461754299407	0.524794728527
0.462752968112	0.524794728527
0.463751636817	0.524794728527
0.464750305521	0.524794728527
0.465748974226	0.524794728527
0.466747642931	0.524794728527
0.467746311635	0.524794728527
0.46874498034	0.524794728527
0.469743649045	0.524794728527
0.470742317749	0.524794728527
0.471740986454	0.524794728527
0.472739655159	0.524794728527
0.473738323863	0.524794728527
0.474736992568	0.524794728527
0.475735661272	0.524794728527
0.476734329977	0.524794728527
0.477732998682	0.524794728527
0.478731667386	0.524794728527
0.479730336091	0.524794728527
0.480729004796	0.524794728527
0.4817276735	0.524794728527
0.482726342205	0.524794728527
0.48372501091	0.524794728527
0.484723679614	0.524794728527
0.485722348319	0.524794728527
0.486721017023	0.524794728527
0.487719685728	0.524794728527
0.488718354433	0.524794728527
0.489717023137	0.524794728527
0.490715691842	0.524794728527
0.491714360547	0.524794728527
0.492713029251	0.524794728527
0.493711697956	0.524794728527
0.494710366661	0.524794728527
0.495709035365	0.524794728527
0.49670770407	0.524794728527
0.497706372774	0.524794728527
0.498705041479	0.524794728527
0.499703710184	0.524794728527
0.500702378888	0.524794728527
0.501701047593	0.524794728527
0.502699716298	0.524794728527
0.503698385002	0.524794728527
0.504697053707	0.524794728527
0.505695722412	0.524794728527
0.506694391116	0.524794728527
0.507693059821	0.524794728527
0.508691728526	0.524794728527
0.50969039723	0.524794728527
0.510689065935	0.524794728527
0.511687734639	0.524794728527
0.512686403344	0.524794728527
0.513685072049	0.524794728527
0.514683740753	0.524794728527
0.515682409458	0.524794728527
0.516681078163	0.524794728527
0.517679746867	0.524794728527
0.518678415572	0.524794728527
0.519677084277	0.524794728527
0.520675752981	0.524794728527
0.521674421686	0.524794728527
0.52267309039	0.524794728527
0.523671759095	0.524794728527
0.5246704278	0.524794728527
0.525669096504	0.524379018051
0.526667765209	0.523892224475
0.527666433914	0.523405430899
0.528665102618	0.522918637323
0.529663771323	0.52242311779
0.530662440028	0.521895561467
0.531661108732	0.52135568614
0.532659777437	0.520815810813
0.533658446141	0.520275935486
0.534657114846	0.519736060159
0.535655783551	0.519196184832
0.536654452255	0.518646567615
0.53765312096	0.518093299451
0.538651789665	0.517540031288
0.539650458369	0.516973745209
0.540649127074	0.516401654775
0.541647795779	0.515818719944
0.542646464483	0.515233167568
0.543645133188	0.514647615192
0.544643801893	0.514055450251
0.545642470597	0.513437359175
0.546641139302	0.512802220348
0.547639808006	0.512157682985
0.548638476711	0.511513145622
0.549637145416	0.51086860826
0.55063581412	0.510224070897
0.551634482825	0.509579533534
0.55263315153	0.508899189366
0.553631820234	0.508203707562
0.554630488939	0.507508225757
0.555629157644	0.506790112845
0.556627826348	0.506065637434
0.557626495053	0.505319524739
0.558625163757	0.504555999965
0.559623832462	0.503786265521
0.560622501167	0.503016393641
0.561621169871	0.502224527649
0.562619838576	0.501431365928
0.563618507281	0.500607570171
0.564617175985	0.499770148567
0.56561584469	0.498923569983
0.566614513395	0.498049582576
0.567613182099	0.497127462581
0.568611850804	0.496169580048
0.569610519508	0.495174221554
0.570609188213	0.494176417615
0.571607856918	0.493178613676
0.572606525622	0.492180809737
0.573605194327	0.491157104724
0.574603863032	0.490116578127
0.575602531736	0.489064023302
0.576601200441	0.488007744526
0.577599869146	0.486862731428
0.57859853785	0.485715276261
0.579597206555	0.484567821094
0.58059587526	0.483383082938
0.581594543964	0.482193916528
0.582593212669	0.480991661328
0.583591881373	0.479737875441
0.584590550078	0.478402031053
0.585589218783	0.477007599581
0.586587887487	0.475595731382
0.587586556192	0.474152994612
0.588585224897	0.472650371836
0.589583893601	0.471128007413
0.590582562306	0.469605642991
0.591581231011	0.468068935542
0.592579899715	0.466453279652
0.59357856842	0.464786171323
0.594577237124	0.463020636243
0.595575905829	0.461205821996
0.596574574534	0.459374526339
0.597573243238	0.457478020449
0.598571911943	0.455546188842
0.599570580648	0.453528930728
0.600569249352	0.451363871209
0.601567918057	0.449119922428
0.602566586762	0.446780222867
0.603565255466	0.444327577381
0.604563924171	0.441779771589
0.605562592875	0.4391395886
0.60656126158	0.436386374918
0.607559930285	0.433585986769
0.608558598989	0.430649646969
0.609557267694	0.427570875567
0.610555936399	0.424311007696
0.611554605103	0.420729807494
0.612553273808	0.416891959531
0.613551942513	0.412689384551
0.614550611217	0.407920224827
0.615549279922	0.40306724695
0.616547948626	0.397958419202
0.617546617331	0.392337895266
0.618545286036	0.386283303107
0.61954395474	0.379497432015
0.620542623445	0.371095119553
0.62154129215	0.360153802212
0.622539960854	0.348093895995
0.623538629559	0.333747104961
0.624537298264	0.307359446905
0.625535966968	0.165831994787
