# alpha	beta
0.367879441171	0.428855827879
0.368877279522	0.428855827879
0.369875117872	0.428855827879
0.370872956222	0.428855827879
0.371870794572	0.428855827879
0.372868632922	0.428855827879
0.373866471272	0.428855827879
0.374864309622	0.428855827879
0.375862147972	0.428855827879
0.376859986322	0.428855827879
0.377857824672	0.428855827879
0.378855663022	0.428855827879
0.379853501372	0.428855827879
0.380851339722	0.428855827879
0.381849178073	0.428855827879
0.382847016423	0.428855827879
0.383844854773	0.428855827879
0.384842693123	0.428855827879
0.385840531473	0.428855827879
0.386838369823	0.428855827879
0.387836208173	0.428855827879
0.388834046523	0.428855827879
0.389831884873	0.428855827879
0.390829723223	0.428855827879
0.391827561573	0.428855827879
0.392825399923	0.428855827879
0.393823238273	0.428855827879
0.394821076623	0.428855827879
0.395818914974	0.428855827879
0.396816753324	0.428855827879
0.397814591674	0.428855827879
0.398812430024	0.428855827879
0.399810268374	0.428855827879
0.400808106724	0.428855827879
0.401805945074	0.428855827879
0.402803783424	0.428855827879
0.403801621774	0.428855827879
0.404799460124	0.428855827879
0.405797298474	0.428855827879
0.406795136824	0.428855827879
0.407792975174	0.428855827879
0.408790813525	0.428855827879
0.409788651875	0.428855827879
0.410786490225	0.428855827879
0.411784328575	0.428855827879
0.412782166925	0.428855827879
0.413780005275	0.428855827879
0.414777843625	0.428855827879
0.415775681975	0.428855827879
0.416773520325	0.428855827879
0.417771358675	0.428855827879
0.418769197025	0.428855827879
0.419767035375	0.428855827879
0.420764873725	0.428855827879
0.421762712076	0.428855827879
0.422760550426	0.428855827879
0.423758388776	0.428855827879
0.424756227126	0.428855827879
0.425754065476	0.428855827879
0.426751903826	0.428855827879
0.427749742176	0.428855827879
0.428747580526	0.428855827879
0.429745418876	0.428764184204
0.430743257226	0.428660322073
0.431741095576	0.428555445457
0.432738933926	0.428449583716
0.433736772276	0.428342603175
0.434734610627	0.428233830082
0.435732448977	0.428123553756
0.436730287327	0.42801204259
0.437728125677	0.427899441849
0.438725964027	0.427785205327
0.439723802377	0.427670007865
0.440721640727	0.427553556611
0.441719479077	0.427435859934
0.442717317427	0.427316578235
0.443715155777	0.427196193821
0.444712994127	0.427074497748
0.445710832477	0.426951554184
0.446708670827	0.426826950859
0.447706509177	0.426700613332
0.448704347528	0.426572528922
0.449702185878	0.426443048459
0.450700024228	0.426311992382
0.451697862578	0.426179524943
0.452695700928	0.426045498432
0.453693539278	0.425909383656
0.454691377628	0.425771954329
0.455689215978	0.425633094904
0.456687054328	0.425492313249
0.457684892678	0.425349314852
0.458682731028	0.425204065633
0.459680569378	0.425056917224
0.460678407728	0.424908203852
0.461676246079	0.424757795244
0.462674084429	0.424605274274
0.463671922779	0.424450781228
0.464669761129	0.424294148218
0.465667599479	0.424135248211
0.466665437829	0.423973986689
0.467663276179	0.423810184746
0.468661114529	0.423644228644
0.469658952879	0.423475914288
0.470656791229	0.42330538478
0.471654629579	0.423132100267
0.472652467929	0.422956373958
0.473650306279	0.422778373058
0.47464814463	0.422598206332
0.47564598298	0.422415841172
0.47664382133	0.42223106305
0.47764165968	0.422043611034
0.47863949803	0.421853214431
0.47963733638	0.421660094697
0.48063517473	0.421464325871
0.48163301308	0.421265422426
0.48263085143	0.421062556811
0.48362868978	0.420855785612
0.48462652813	0.420645848421
0.48562436648	0.420432776885
0.48662220483	0.420217114939
0.487620043181	0.419998419088
0.488617881531	0.419776373091
0.489615719881	0.419551331891
0.490613558231	0.419323254135
0.491611396581	0.41909100247
0.492609234931	0.418854847438
0.493607073281	0.418615343795
0.494604911631	0.418372295863
0.495602749981	0.418125045221
0.496600588331	0.417873279342
0.497598426681	0.417616393606
0.498596265031	0.417354140237
0.499594103381	0.417086687705
0.500591941732	0.41681444148
0.501589780082	0.416537796024
0.502587618432	0.416256983202
0.503585456782	0.415972511125
0.504583295132	0.415682558411
0.505581133482	0.415388162066
0.506578971832	0.415089308679
0.507576810182	0.414784976971
0.508574648532	0.41447520433
0.509572486882	0.414158638002
0.510570325232	0.413836506364
0.511568163582	0.413507689812
0.512566001932	0.413172643999
0.513563840282	0.412829857388
0.514561678633	0.412479538828
0.515559516983	0.412120599337
0.516557355333	0.411754035883
0.517555193683	0.411380906454
0.518553032033	0.41100196916
0.519550870383	0.410617130343
0.520548708733	0.410224965718
0.521546547083	0.4098257012
0.522544385433	0.409418654426
0.523542223783	0.409002169598
0.524540062133	0.408577162297
0.525537900483	0.4081428508
0.526535738833	0.407697624666
0.527533577184	0.407241206532
0.528531415534	0.406770932266
0.529529253884	0.406288288025
0.530527092234	0.405792508611
0.531524930584	0.405288151025
0.532522768934	0.404773727392
0.533520607284	0.404250117862
0.534518445634	0.403716494703
0.535516283984	0.403170578626
0.536514122334	0.402611691133
0.537511960684	0.402039921785
0.538509799034	0.401453601451
0.539507637384	0.40084997856
0.540505475735	0.400228637629
0.541503314085	0.399585803824
0.542501152435	0.398919097024
0.543498990785	0.39822862167
0.544496829135	0.397524672186
0.545494667485	0.396808451056
0.546492505835	0.396076530203
0.547490344185	0.395329191813
0.548488182535	0.394564285704
0.549486020885	0.393778477284
0.550483859235	0.392968838605
0.551481697585	0.392131907277
0.552479535935	0.391263236213
0.553477374286	0.390355439599
0.554475212636	0.389401416809
0.555473050986	0.388405597947
0.556470889336	0.387391511828
0.557468727686	0.386358025487
0.558466566036	0.385301736961
0.559464404386	0.38421878457
0.560462242736	0.383104364595
0.561460081086	0.381950502476
0.562457919436	0.380748652128
0.563455757786	0.379482981652
0.564453596136	0.378127766687
0.565451434486	0.376670730698
0.566449272837	0.375182733413
0.567447111187	0.373667879426
0.568444949537	0.372118625049
0.569442787887	0.37052641022
0.570440626237	0.368876136469
0.571438464587	0.367145304998
0.572436302937	0.365288682348
0.573434141287	0.363203743681
0.574431979637	0.360976754815
0.575429817987	0.35871369175
0.576427656337	0.356402763891
0.577425494687	0.354022084826
0.578423333037	0.351529837272
0.579421171387	0.348826150655
0.580419009738	0.345602891812
0.581416848088	0.342146639212
0.582414686438	0.338630180925
0.583412524788	0.335009935132
0.584410363138	0.331167209862
0.585408201488	0.326471336826
0.586406039838	0.320960092654
0.587403878188	0.315343848558
0.588401716538	0.309420457294
0.589399554888	0.301383323842
0.590397393238	0.292101342081
0.591395231588	0.281998670756
0.592393069938	0.265605043023
0.593390908289	0.241733597868
0.594388746639	0.0582052778069
