# alpha	beta
0.367879441171	0.478966352628
0.368877613398	0.478966352628
0.369875785625	0.478966352628
0.370873957851	0.478966352628
0.371872130078	0.478966352628
0.372870302305	0.478966352628
0.373868474531	0.478966352628
0.374866646758	0.478966352628
0.375864818985	0.478966352628
0.376862991211	0.478966352628
0.377861163438	0.478966352628
0.378859335665	0.478966352628
0.379857507891	0.478966352628
0.380855680118	0.478966352628
0.381853852345	0.478966352628
0.382852024572	0.478966352628
0.383850196798	0.478966352628
0.384848369025	0.478966352628
0.385846541252	0.478966352628
0.386844713478	0.478966352628
0.387842885705	0.478966352628
0.388841057932	0.478966352628
0.389839230158	0.478966352628
0.390837402385	0.478966352628
0.391835574612	0.478966352628
0.392833746838	0.478966352628
0.393831919065	0.478966352628
0.394830091292	0.478966352628
0.395828263518	0.478966352628
0.396826435745	0.478966352628
0.397824607972	0.478966352628
0.398822780198	0.478966352628
0.399820952425	0.478966352628
0.400819124652	0.478966352628
0.401817296878	0.478966352628
0.402815469105	0.478966352628
0.403813641332	0.478966352628
0.404811813558	0.478966352628
0.405809985785	0.478966352628
0.406808158012	0.478966352628
0.407806330238	0.478966352628
0.408804502465	0.478966352628
0.409802674692	0.478966352628
0.410800846918	0.478966352628
0.411799019145	0.478966352628
0.412797191372	0.478966352628
0.413795363598	0.478966352628
0.414793535825	0.478966352628
0.415791708052	0.478966352628
0.416789880278	0.478966352628
0.417788052505	0.478966352628
0.418786224732	0.478966352628
0.419784396958	0.478966352628
0.420782569185	0.478966352628
0.421780741412	0.478966352628
0.422778913638	0.478966352628
0.423777085865	0.478966352628
0.424775258092	0.478966352628
0.425773430318	0.478966352628
0.426771602545	0.478966352628
0.427769774772	0.478966352628
0.428767946998	0.478966352628
0.429766119225	0.478966352628
0.430764291452	0.478966352628
0.431762463678	0.478966352628
0.432760635905	0.478966352628
0.433758808132	0.478966352628
0.434756980358	0.478966352628
0.435755152585	0.478966352628
0.436753324812	0.478966352628
0.437751497038	0.478966352628
0.438749669265	0.478966352628
0.439747841492	0.478966352628
0.440746013718	0.478966352628
0.441744185945	0.478966352628
0.442742358172	0.478966352628
0.443740530398	0.478966352628
0.444738702625	0.478966352628
0.445736874852	0.478966352628
0.446735047078	0.478966352628
0.447733219305	0.478966352628
0.448731391532	0.478966352628
0.449729563758	0.478966352628
0.450727735985	0.478966352628
0.451725908212	0.478966352628
0.452724080439	0.478966352628
0.453722252665	0.478966352628
0.454720424892	0.478966352628
0.455718597119	0.478966352628
0.456716769345	0.478966352628
0.457714941572	0.478966352628
0.458713113799	0.478966352628
0.459711286025	0.478966352628
0.460709458252	0.478966352628
0.461707630479	0.478966352628
0.462705802705	0.478966352628
0.463703974932	0.478966352628
0.464702147159	0.478966352628
0.465700319385	0.478966352628
0.466698491612	0.478966352628
0.467696663839	0.478966352628
0.468694836065	0.478966352628
0.469693008292	0.478966352628
0.470691180519	0.478966352628
0.471689352745	0.478966352628
0.472687524972	0.478966352628
0.473685697199	0.478966352628
0.474683869425	0.478966352628
0.475682041652	0.478966352628
0.476680213879	0.478966352628
0.477678386105	0.478966352628
0.478676558332	0.478966352628
0.479674730559	0.478770565206
0.480672902785	0.478491998226
0.481671075012	0.478209359579
0.482669247239	0.477924238855
0.483667419465	0.477635250988
0.484665591692	0.477345208861
0.485663763919	0.477053095006
0.486661936145	0.476756751554
0.487660108372	0.476458496736
0.488658280599	0.476158994346
0.489656452825	0.475854525839
0.490654625052	0.475546769981
0.491652797279	0.475237821954
0.492650969505	0.474925809192
0.493649141732	0.474609350143
0.494647313959	0.4742906634
0.495645486185	0.473968312441
0.496643658412	0.473640031199
0.497641830639	0.473304318776
0.498640002865	0.472965171941
0.499638175092	0.472623227085
0.500636347319	0.472274804677
0.501634519545	0.471923761368
0.502632691772	0.471568034067
0.503630863999	0.471208084339
0.504629036225	0.470844371618
0.505627208452	0.470475083994
0.506625380679	0.470100495318
0.507623552905	0.46972126333
0.508621725132	0.469336753153
0.509619897359	0.468948002301
0.510618069585	0.468551573698
0.511616241812	0.468148076576
0.512614414039	0.467737897427
0.513612586265	0.46732518112
0.514610758492	0.466904592042
0.515608930719	0.466477299337
0.516607102945	0.466046263723
0.517605275172	0.465611177551
0.518603447399	0.465168801247
0.519601619625	0.464716380558
0.520599791852	0.464259468872
0.521597964079	0.463794277692
0.522596136305	0.463319072181
0.523594308532	0.462838749962
0.524592480759	0.462349491079
0.525590652986	0.461856042829
0.526588825212	0.461355332701
0.527586997439	0.460845403959
0.528585169666	0.460329796445
0.529583341892	0.459804610367
0.530581514119	0.459268776587
0.531579686346	0.458721268773
0.532577858572	0.45816609549
0.533576030799	0.457600258211
0.534574203026	0.457021488789
0.535572375252	0.45643248795
0.536570547479	0.455829222346
0.537568719706	0.455217765736
0.538566891932	0.454601433411
0.539565064159	0.453973966707
0.540563236386	0.453330823924
0.541561408612	0.452678920773
0.542559580839	0.452019133608
0.543557753066	0.451350703787
0.544555925292	0.45067068565
0.545554097519	0.449981300154
0.546552269746	0.44928264978
0.547550441972	0.448571485684
0.548548614199	0.447847855163
0.549546786426	0.447112230789
0.550544958652	0.446362600516
0.551543130879	0.445596842535
0.552541303106	0.444806239085
0.553539475332	0.443993706878
0.554537647559	0.443164072786
0.555535819786	0.442313193911
0.556533992012	0.441428401468
0.557532164239	0.440515920586
0.558530336466	0.439576370832
0.559528508692	0.43860266156
0.560526680919	0.437599260792
0.561524853146	0.436585239195
0.562523025372	0.435558110741
0.563521197599	0.434515893511
0.564519369826	0.433458303551
0.565517542052	0.432381848118
0.566515714279	0.431279086121
0.567513886506	0.430155589319
0.568512058732	0.429006308584
0.569510230959	0.427831954847
0.570508403186	0.426627262287
0.571506575412	0.425393936745
0.572504747639	0.424109272605
0.573502919866	0.422778711376
0.574501092092	0.421401608966
0.575499264319	0.419962776239
0.576497436546	0.418460293616
0.577495608772	0.416864167724
0.578493780999	0.415163363496
0.579491953226	0.413379996188
0.580490125452	0.411563034825
0.581488297679	0.40971006345
0.582486469906	0.407827898417
0.583484642132	0.405910520958
0.584482814359	0.403946932458
0.585480986586	0.401935374288
0.586479158812	0.399857538301
0.587477331039	0.397711433723
0.588475503266	0.39545984709
0.589473675492	0.393090085326
0.590471847719	0.390572778824
0.591470019946	0.387827087505
0.592468192172	0.384724901552
0.593466364399	0.381127189345
0.594464536626	0.377423279591
0.595462708853	0.373634635132
0.596460881079	0.369752726656
0.597459053306	0.36575041879
0.598457225533	0.361574680003
0.599455397759	0.357152637217
0.600453569986	0.352322241552
0.601451742213	0.34661419067
0.602449914439	0.338326832229
0.603448086666	0.329254557132
0.604446258893	0.319793449008
0.605444431119	0.309595804796
0.606442603346	0.296561997672
0.607440775573	0.266900900359
0.608438947799	0.114546042197
